1.008662495909994794e+00 1.363705838996200100e+03
1.273977392418324861e+00 4.301132492992064726e+03
1.539292288926654928e+00 7.238559146987929125e+03
1.804607185434984995e+00 1.092882395472194912e+04
2.069922081943315284e+00 1.913616799607939174e+04
2.335236978451645129e+00 2.734351203743682709e+04
2.600551874959974974e+00 3.752233946040655428e+04
2.865866771468305263e+00 4.874908064973120054e+04
3.131181667976635552e+00 5.997582183905584679e+04
3.396496564484965397e+00 7.120256302838046395e+04
3.661811460993295242e+00 8.246027047169278376e+04
3.927126357501625975e+00 9.486081963889238250e+04
4.192441254009955820e+00 1.072613688060919521e+05
4.457756150518285665e+00 1.196619179732915072e+05
4.723071047026615510e+00 1.293421729517838976e+05
4.988385943534946243e+00 1.371307177610954968e+05
5.253700840043276088e+00 1.449192625704070379e+05
5.519015736551605933e+00 1.527078073797186080e+05
5.784330633059935778e+00 1.576717170096579357e+05
6.049645529568266511e+00 1.614561631071028241e+05
6.314960426076596356e+00 1.652406092045476835e+05
6.580275322584926201e+00 1.690250553019925719e+05
6.845590219093256934e+00 1.728095013994374312e+05
7.110905115601586779e+00 1.758560303367879533e+05
7.376220012109916624e+00 1.764283557792879001e+05
7.641534908618246469e+00 1.770006812217878469e+05
7.906849805126576314e+00 1.775730066642877937e+05
8.172164701634907047e+00 1.781453321067877405e+05
8.437479598143236004e+00 1.783679065568524238e+05
8.702794494651566737e+00 1.765440507742434565e+05
8.968109391159897470e+00 1.747201949916344602e+05
9.233424287668226427e+00 1.728963392090254929e+05
9.498739184176557160e+00 1.710724834264164965e+05
9.764054080684887893e+00 1.692486276438075292e+05
1.002936897719321685e+01 1.674247718611985620e+05
1.029468387370154758e+01 1.656661733013690682e+05
1.055999877020987654e+01 1.652242177321274066e+05
1.082531366671820727e+01 1.647822621628857451e+05
1.109062856322653801e+01 1.643403065936440835e+05
1.135594345973486696e+01 1.638983510244024219e+05
1.162125835624319770e+01 1.634563954551607603e+05
1.188657325275152843e+01 1.630144398859190987e+05
1.215188814925985739e+01 1.625724843166774372e+05
1.241720304576818812e+01 1.621305287474357756e+05
1.268251794227651885e+01 1.616885731781940849e+05
1.294783283878484781e+01 1.612466176089524233e+05
1.321314773529317854e+01 1.608046620397107617e+05
1.347846263180150750e+01 1.603627064704691002e+05
1.374377752830983823e+01 1.599207509012274386e+05
1.400909242481816896e+01 1.594787953319857770e+05
1.427440732132649792e+01 1.590368397627441154e+05
1.453972221783482865e+01 1.585948841935024539e+05
1.480503711434315761e+01 1.581529286242607923e+05
1.507035201085148834e+01 1.577109730550191016e+05
1.533566690735981908e+01 1.572690174857774400e+05
1.560098180386814803e+01 1.568270619165357784e+05
1.586629670037647877e+01 1.563851063472941169e+05
1.613161159688480950e+01 1.559431507780524553e+05
1.639692649339313846e+01 1.555011952088107937e+05
1.666224138990146741e+01 1.550592396395691321e+05
1.692755628640979992e+01 1.546172840703274705e+05
1.719287118291812888e+01 1.541753285010858090e+05
1.745818607942645784e+01 1.537333729318441474e+05
1.772350097593479035e+01 1.532914173626024567e+05
1.798881587244311930e+01 1.528494617933607951e+05
1.825413076895144826e+01 1.524075062241191335e+05
1.851944566545978077e+01 1.519655506548774720e+05
1.878476056196810973e+01 1.515235950856358104e+05
1.905007545847643868e+01 1.510816395163941488e+05
1.931539035498477119e+01 1.506396839471524581e+05
1.958070525149310015e+01 1.501977283779107966e+05
1.984602014800142911e+01 1.501296863833261596e+05
2.011133504450975806e+01 1.500671407589944720e+05
2.037664994101809057e+01 1.500045951346627844e+05
2.064196483752641953e+01 1.499420495103311259e+05
2.090727973403474849e+01 1.498795038859994384e+05
2.117259463054308100e+01 1.498169582616677508e+05
2.143790952705140995e+01 1.497544126373360632e+05
2.170322442355973891e+01 1.496918670130043756e+05
2.196853932006807142e+01 1.496293213886727171e+05
2.223385421657640038e+01 1.495667757643410296e+05
2.249916911308472933e+01 1.495042301400093420e+05
2.276448400959306184e+01 1.494416845156776544e+05
2.302979890610139080e+01 1.493791388913459959e+05
2.329511380260971976e+01 1.493165932670143084e+05
2.356042869911805226e+01 1.492540476426826208e+05
2.382574359562638122e+01 1.491915020183509332e+05
2.409105849213471018e+01 1.491289563940192456e+05
2.435637338864304269e+01 1.490664107696875872e+05
2.462168828515137164e+01 1.490038651453558996e+05
2.488700318165970060e+01 1.489413195210242120e+05
2.515231807816802956e+01 1.488787738966925244e+05
2.541763297467636207e+01 1.488162282723608660e+05
2.568294787118469102e+01 1.487536826480291784e+05
2.594826276769301998e+01 1.486911370236974908e+05
2.621357766420135249e+01 1.486285913993658032e+05
2.647889256070968145e+01 1.485660457750341156e+05
2.674420745721801040e+01 1.485035001507024572e+05
2.700952235372634291e+01 1.484409545263707696e+05
2.727483725023467187e+01 1.483784089020390820e+05
2.754015214674300083e+01 1.483158632777073944e+05
2.780546704325133334e+01 1.482533176533757360e+05
2.807078193975966229e+01 1.481907720290440484e+05
2.833609683626799125e+01 1.481282264047123608e+05
2.860141173277632021e+01 1.480656807803806732e+05
2.886672662928465272e+01 1.480031351560489857e+05
2.913204152579298167e+01 1.479405895317173272e+05
2.939735642230131063e+01 1.478780439073856396e+05
2.966267131880964314e+01 1.478154982830539520e+05
2.992798621531797210e+01 1.477529526587222645e+05
3.019330111182630105e+01 1.476904070343906060e+05
3.045861600833463356e+01 1.476278614100589184e+05
3.072393090484296252e+01 1.475653157857272308e+05
3.098924580135129148e+01 1.475027701613955433e+05
3.125456069785962399e+01 1.474402245370638557e+05
3.151987559436795294e+01 1.473776789127321972e+05
3.178519049087628190e+01 1.473151332884005096e+05
3.205050538738461086e+01 1.472525876640688221e+05
3.231582028389293981e+01 1.471900420397371345e+05
3.258113518040126877e+01 1.471274964154054760e+05
3.284645007690960483e+01 1.470649507910737884e+05
3.311176497341793379e+01 1.470024051667421008e+05
3.337707986992626275e+01 1.469398595424104133e+05
3.364239476643459170e+01 1.468773139180787548e+05
3.390770966294292066e+01 1.468147682937470672e+05
3.417302455945125672e+01 1.467522226694153796e+05
3.443833945595958568e+01 1.466896770450836921e+05
3.470365435246791463e+01 1.466271314207520045e+05
3.496896924897624359e+01 1.465645857964203460e+05
3.523428414548457255e+01 1.465020401720886584e+05
3.549959904199290150e+01 1.464394945477569709e+05
3.576491393850123046e+01 1.463769489234252833e+05
3.603022883500956652e+01 1.463144032990935957e+05
3.629554373151789548e+01 1.462518576747619372e+05
3.656085862802622444e+01 1.461893120504302497e+05
3.682617352453455339e+01 1.461267664260985621e+05
3.709148842104288235e+01 1.460642208017668745e+05
3.735680331755121131e+01 1.460016751774352160e+05
3.762211821405954737e+01 1.459391295531035285e+05
3.788743311056787633e+01 1.458765839287718409e+05
3.815274800707620528e+01 1.458140383044401533e+05
3.841806290358453424e+01 1.457514926801084948e+05
3.868337780009286320e+01 1.456889470557768072e+05
3.894869269660119215e+01 1.456264014314451197e+05
3.921400759310952111e+01 1.455638558071134321e+05
3.947932248961785717e+01 1.455013101827817445e+05
3.974463738612618613e+01 1.454387645584500860e+05
4.000995228263451509e+01 1.453762189341183985e+05
4.027526717914284404e+01 1.453136733097867109e+05
4.054058207565117300e+01 1.452511276854550233e+05
4.080589697215950196e+01 1.451885820611233648e+05
4.107121186866783802e+01 1.451260364367916773e+05
4.133652676517616698e+01 1.450634908124599897e+05
4.160184166168449593e+01 1.450009451881283021e+05
4.186715655819282489e+01 1.449383995637966145e+05
4.213247145470115385e+01 1.448758539394649561e+05
4.239778635120948280e+01 1.448133083151332685e+05
4.266310124771781886e+01 1.447507626908015809e+05
4.292841614422614782e+01 1.446882170664698933e+05
4.319373104073447678e+01 1.446256714421382349e+05
4.345904593724280573e+01 1.445631258178065473e+05
4.372436083375113469e+01 1.445005801934748597e+05
4.398967573025946365e+01 1.444380345691431721e+05
4.425499062676779261e+01 1.443754889448115136e+05
4.452030552327612867e+01 1.443129433204798261e+05
4.478562041978445762e+01 1.442503976961481385e+05
4.505093531629278658e+01 1.441878520718164509e+05
4.531625021280111554e+01 1.441253064474847633e+05
4.558156510930944449e+01 1.440627608231531049e+05
4.584688000581777345e+01 1.440002151988214173e+05
4.611219490232610951e+01 1.439376695744897297e+05
4.637750979883443847e+01 1.438751239501580421e+05
4.664282469534276743e+01 1.438125783258263546e+05
4.690813959185109638e+01 1.437500327014946961e+05
4.717345448835942534e+01 1.436874870771630085e+05
4.743876938486775430e+01 1.436249414528313209e+05
4.770408428137609036e+01 1.435623958284996334e+05
4.796939917788441932e+01 1.434998502041679749e+05
4.823471407439274827e+01 1.434373045798362873e+05
4.850002897090107723e+01 1.434201007061464770e+05
4.876534386740940619e+01 1.434141219080902520e+05
4.903065876391773514e+01 1.434081431100340269e+05
4.929597366042606410e+01 1.434021643119778309e+05
4.956128855693440016e+01 1.433961855139216059e+05
4.982660345344272912e+01 1.433902067158654099e+05
5.009191834995105808e+01 1.433842279178091849e+05
5.035723324645938703e+01 1.433782491197529598e+05
5.062254814296771599e+01 1.433722703216967639e+05
5.088786303947604495e+01 1.433662915236405388e+05
5.115317793598438101e+01 1.433603127255843137e+05
5.141849283249270997e+01 1.433543339275281178e+05
5.168380772900103892e+01 1.433483551294718927e+05
5.194912262550936788e+01 1.433423763314156677e+05
5.221443752201769684e+01 1.433363975333594717e+05
5.247975241852602579e+01 1.433304187353032466e+05
5.274506731503435475e+01 1.433244399372470216e+05
5.301038221154269081e+01 1.433184611391908256e+05
5.327569710805101977e+01 1.433124823411346006e+05
5.354101200455934872e+01 1.433065035430783755e+05
5.380632690106767768e+01 1.433005247450221796e+05
5.407164179757600664e+01 1.432945459469659545e+05
5.433695669408433560e+01 1.432885671489097585e+05
5.460227159059267166e+01 1.432825883508535335e+05
5.486758648710100061e+01 1.432766095527973084e+05
5.513290138360932957e+01 1.432706307547411125e+05
5.539821628011765853e+01 1.432646519566848874e+05
5.566353117662598748e+01 1.432586731586286623e+05
5.592884607313431644e+01 1.432526943605724664e+05
5.619416096964264540e+01 1.432467155625162413e+05
5.645947586615098146e+01 1.432407367644600163e+05
5.672479076265931042e+01 1.432347579664038203e+05
5.699010565916763937e+01 1.432287791683475953e+05
5.725542055567596833e+01 1.432228003702913702e+05
5.752073545218429729e+01 1.432168215722351742e+05
5.778605034869262624e+01 1.432108427741789492e+05
5.805136524520096231e+01 1.432048639761227241e+05
5.831668014170929126e+01 1.431988851780665282e+05
5.858199503821762022e+01 1.431929063800103031e+05
5.884730993472594918e+01 1.431869275819541072e+05
5.911262483123427813e+01 1.431809487838978821e+05
5.937793972774260709e+01 1.431749699858416570e+05
5.964325462425094315e+01 1.431689911877854611e+05
5.990856952075927211e+01 1.431630123897292360e+05
6.017388441726760107e+01 1.431570335916730110e+05
6.043919931377593002e+01 1.431510547936168150e+05
6.070451421028425898e+01 1.431450759955605899e+05
6.096982910679258794e+01 1.431390971975043649e+05
6.123514400330091689e+01 1.431331183994481689e+05
6.150045889980925296e+01 1.431271396013919439e+05
6.176577379631758191e+01 1.431211608033357188e+05
6.203108869282591087e+01 1.431151820052795229e+05
6.229640358933423983e+01 1.431092032072232978e+05
6.256171848584256878e+01 1.431032244091670727e+05
6.282703338235089774e+01 1.430972456111108768e+05
6.309234827885923380e+01 1.430912668130546517e+05
6.335766317536756276e+01 1.430852880149984558e+05
6.362297807187589171e+01 1.430793092169422307e+05
6.388829296838422067e+01 1.430733304188860056e+05
6.415360786489254963e+01 1.430673516208298097e+05
6.441892276140087858e+01 1.430613728227735846e+05
6.468423765790920754e+01 1.430553940247173596e+05
6.494955255441753650e+01 1.430494152266611636e+05
6.521486745092586546e+01 1.430434364286049386e+05
6.548018234743419441e+01 1.430374576305487135e+05
6.574549724394252337e+01 1.430314788324925175e+05
6.601081214045085233e+01 1.430255000344362925e+05
6.627612703695918128e+01 1.430195212363800674e+05
6.654144193346751024e+01 1.430135424383238715e+05
6.680675682997583920e+01 1.430075636402676464e+05
6.707207172648416815e+01 1.430015848422114505e+05
6.733738662299251132e+01 1.429956060441552254e+05
6.760270151950084028e+01 1.429896272460990003e+05
6.786801641600916923e+01 1.429836484480428044e+05
6.813333131251749819e+01 1.429776696499865793e+05
6.839864620902582715e+01 1.429716908519303543e+05
6.866396110553415610e+01 1.429657120538741583e+05
6.892927600204248506e+01 1.429597332558179332e+05
6.919459089855081402e+01 1.429537544577617082e+05
6.945990579505914297e+01 1.429477756597055122e+05
6.972522069156747193e+01 1.429417968616492872e+05
6.999053558807580089e+01 1.429358180635930621e+05
7.025585048458412984e+01 1.429298392655368662e+05
7.052116538109245880e+01 1.429238604674806411e+05
7.078648027760080197e+01 1.429178816694244160e+05
7.105179517410913093e+01 1.429119028713682201e+05
7.131711007061745988e+01 1.429059240733119950e+05
7.158242496712578884e+01 1.428999452752557991e+05
7.184773986363411780e+01 1.428939664771995740e+05
7.211305476014244675e+01 1.428879876791433489e+05
7.237836965665077571e+01 1.428820088810871530e+05
7.264368455315910467e+01 1.428760300830309279e+05
7.290899944966743362e+01 1.428700512849747029e+05
7.317431434617576258e+01 1.428640724869185069e+05
7.343962924268409154e+01 1.428580936888622819e+05
7.370494413919242049e+01 1.428521148908060568e+05
7.397025903570074945e+01 1.428461360927498608e+05
7.423557393220909262e+01 1.428401572946936358e+05
7.450088882871742157e+01 1.428341784966374107e+05
7.476620372522575053e+01 1.428281996985812148e+05
7.503151862173407949e+01 1.428222209005249897e+05
7.529683351824240845e+01 1.428162421024687646e+05
7.556214841475073740e+01 1.428102633044125687e+05
7.582746331125906636e+01 1.428042845063563436e+05
7.609277820776739532e+01 1.427983057083001477e+05
7.635809310427572427e+01 1.427923269102439226e+05
7.662340800078405323e+01 1.427863481121876976e+05
7.688872289729238219e+01 1.427803693141315016e+05
7.715403779380071114e+01 1.427743905160752765e+05
7.741935269030904010e+01 1.427684117180190515e+05
7.768466758681738327e+01 1.427624329199628555e+05
7.794998248332571222e+01 1.427564541219066305e+05
7.821529737983404118e+01 1.427504753238504054e+05
7.848061227634237014e+01 1.427444965257942094e+05
7.874592717285069909e+01 1.427385177277379844e+05
7.901124206935902805e+01 1.427325389296817593e+05
7.927655696586735701e+01 1.427265601316255634e+05
7.954187186237568596e+01 1.427205813335693383e+05
7.980718675888401492e+01 1.427146025355131133e+05
8.007250165539234388e+01 1.427086237374569173e+05
8.033781655190067283e+01 1.427026449394006922e+05
8.060313144840900179e+01 1.426966661413444963e+05
8.086844634491734496e+01 1.426906873432882712e+05
8.113376124142567392e+01 1.426847085452320462e+05
8.139907613793400287e+01 1.426787297471758502e+05
8.166439103444233183e+01 1.426727509491196251e+05
8.192970593095066079e+01 1.426667721510634001e+05
8.219502082745898974e+01 1.426607933530072041e+05
8.246033572396731870e+01 1.426548145549509791e+05
8.272565062047564766e+01 1.426488357568947540e+05
8.299096551698397661e+01 1.426428569588385581e+05
8.325628041349230557e+01 1.426368781607823330e+05
8.352159531000063453e+01 1.426308993627261079e+05
8.378691020650896348e+01 1.426249205646699120e+05
8.405222510301729244e+01 1.426189417666136869e+05
8.431753999952563561e+01 1.426129629685574619e+05
8.458285489603396456e+01 1.426069841705012659e+05
8.484816979254229352e+01 1.426010053724450408e+05
8.511348468905062248e+01 1.425950265743888449e+05
8.537879958555895143e+01 1.425890477763326198e+05
8.564411448206728039e+01 1.425830689782763948e+05
8.590942937857560935e+01 1.425770901802201988e+05
8.617474427508393831e+01 1.425711113821639738e+05
8.644005917159226726e+01 1.425651325841077487e+05
8.670537406810059622e+01 1.425591537860515527e+05
8.697068896460892518e+01 1.425531749879953277e+05
8.723600386111725413e+01 1.425471961899391026e+05
8.750131875762558309e+01 1.425412173918829067e+05
8.776663365413392626e+01 1.425352385938266816e+05
8.803194855064225521e+01 1.425292597957704565e+05
8.829726344715058417e+01 1.425232809977142606e+05
8.856257834365891313e+01 1.425173021996580355e+05
8.882789324016724208e+01 1.425113234016018105e+05
8.909320813667557104e+01 1.425053446035456145e+05
8.935852303318390000e+01 1.424993658054893895e+05
8.962383792969222895e+01 1.424933870074331935e+05
8.988915282620055791e+01 1.424874082093769684e+05
9.015446772270888687e+01 1.424814294113207434e+05
9.041978261921721582e+01 1.424105177632331033e+05
9.068509751572554478e+01 1.422170162524108891e+05
9.095041241223387374e+01 1.420235147415886750e+05
9.121572730874221691e+01 1.418300132307664317e+05
9.148104220525054586e+01 1.416365117199442175e+05
9.174635710175887482e+01 1.414430102091219742e+05
9.201167199826720378e+01 1.412495086982997600e+05
9.227698689477553273e+01 1.410560071874775458e+05
9.254230179128386169e+01 1.408625056766553025e+05
9.280761668779219065e+01 1.406690041658330883e+05
9.307293158430051960e+01 1.404755026550108450e+05
9.333824648080884856e+01 1.402820011441886309e+05
9.360356137731717752e+01 1.400884996333664167e+05
9.386887627382550647e+01 1.398949981225441734e+05
9.413419117033383543e+01 1.397014966117219592e+05
9.439950606684217860e+01 1.395079951008997159e+05
9.466482096335050755e+01 1.393144935900775017e+05
9.493013585985883651e+01 1.391209920792552875e+05
9.519545075636716547e+01 1.389274905684330442e+05
9.546076565287549442e+01 1.387339890576108301e+05
9.572608054938382338e+01 1.385404875467886159e+05
9.599139544589215234e+01 1.383469860359663726e+05
9.625671034240048130e+01 1.381534845251441584e+05
9.652202523890881025e+01 1.379599830143219442e+05
9.678734013541713921e+01 1.377664815034997009e+05
9.705265503192546817e+01 1.375729799926774867e+05
9.731796992843379712e+01 1.373794784818552434e+05
9.758328482494212608e+01 1.371859769710330293e+05
9.784859972145046925e+01 1.369924754602107860e+05
9.811391461795879820e+01 1.367989739493885718e+05
9.837922951446712716e+01 1.366054724385663576e+05
9.864454441097545612e+01 1.364119709277441143e+05
9.890985930748378507e+01 1.362184694169219001e+05
9.917517420399211403e+01 1.360249679060996859e+05
9.944048910050044299e+01 1.358314663952774426e+05
9.970580399700877194e+01 1.356379648844552285e+05
9.997111889351710090e+01 1.354444633736330143e+05
1.002364337900254299e+02 1.352509618628107710e+05
1.005017486865337588e+02 1.350574603519885568e+05
1.007670635830420878e+02 1.348639588411663426e+05
1.010323784795504167e+02 1.346704573303440993e+05
1.012976933760587599e+02 1.344769558195218560e+05
1.015630082725670889e+02 1.342834543086996418e+05
1.018283231690754178e+02 1.340899527978774277e+05
1.020936380655837468e+02 1.338964512870551844e+05
1.023589529620920757e+02 1.337029497762329702e+05
1.026242678586004047e+02 1.335094482654107560e+05
1.028895827551087336e+02 1.333159467545885127e+05
1.031548976516170626e+02 1.331224452437662985e+05
1.034202125481253915e+02 1.329289437329440843e+05
1.036855274446337205e+02 1.327354422221218410e+05
1.039508423411420495e+02 1.325419407112996269e+05
1.042161572376503784e+02 1.323484392004774127e+05
1.044814721341587074e+02 1.321549376896551694e+05
1.047467870306670505e+02 1.319614361788329552e+05
1.050121019271753795e+02 1.317679346680107119e+05
1.052774168236837085e+02 1.315744331571884977e+05
1.055427317201920374e+02 1.313809316463662835e+05
1.058080466167003664e+02 1.311874301355440402e+05
1.060733615132086953e+02 1.309939286247218261e+05
1.063386764097170243e+02 1.308004271138995973e+05
1.066039913062253532e+02 1.306069256030773686e+05
1.068693062027336822e+02 1.304134240922551544e+05
1.071346210992420112e+02 1.302199225814329257e+05
1.073999359957503401e+02 1.300264210706106969e+05
1.076652508922586691e+02 1.298329195597884827e+05
1.079305657887669980e+02 1.296394180489662540e+05
1.081958806852753412e+02 1.294459165381440107e+05
1.084611955817836701e+02 1.292524150273217965e+05
1.087265104782919991e+02 1.290589135164995678e+05
1.089918253748003281e+02 1.288654120056773390e+05
1.092571402713086570e+02 1.286719104948551103e+05
1.095224551678169860e+02 1.284784089840328961e+05
1.097877700643253149e+02 1.282849074732106674e+05
1.100530849608336439e+02 1.280914059623884386e+05
1.103183998573419728e+02 1.278979044515662245e+05
1.105837147538503018e+02 1.277044029407439957e+05
1.108490296503586308e+02 1.275109014299217670e+05
1.111143445468669597e+02 1.273173999190995528e+05
1.113796594433752887e+02 1.271238984082773241e+05
1.116449743398836318e+02 1.269303968974550953e+05
1.119102892363919608e+02 1.267368953866328666e+05
1.121756041329002898e+02 1.265433938758106378e+05
1.124409190294086187e+02 1.263498923649884091e+05
1.127062339259169477e+02 1.261563908541661949e+05
1.129715488224252766e+02 1.259628893433439662e+05
1.132368637189336056e+02 1.257693878325217374e+05
1.135021786154419345e+02 1.255758863216995087e+05
1.137674935119502635e+02 1.253823848108772945e+05
1.140328084084585925e+02 1.251888833000550658e+05
1.142981233049669214e+02 1.249953817892328370e+05
1.145634382014752504e+02 1.248018802784106229e+05
1.148287530979835935e+02 1.246083787675883796e+05
1.150940679944919225e+02 1.244148772567661654e+05
1.153593828910002514e+02 1.242213757459439366e+05
1.156246977875085804e+02 1.240278742351217079e+05
1.158900126840169094e+02 1.238343727242994937e+05
1.161553275805252383e+02 1.236408712134772650e+05
1.164206424770335673e+02 1.234473697026550362e+05
1.166859573735418962e+02 1.232538681918328220e+05
1.169512722700502252e+02 1.230603666810105933e+05
1.172165871665585541e+02 1.228668651701883646e+05
1.174819020630668831e+02 1.226733636593661358e+05
1.177472169595752121e+02 1.224798621485439216e+05
1.180125318560835410e+02 1.222863606377216929e+05
1.182778467525918842e+02 1.220928591268994496e+05
1.185431616491002131e+02 1.218993576160772354e+05
1.188084765456085421e+02 1.217058561052550067e+05
1.190737914421168711e+02 1.215123545944327780e+05
1.193391063386252000e+02 1.213188530836105638e+05
1.196044212351335290e+02 1.211253515727883350e+05
1.198697361316418579e+02 1.209318500619661063e+05
1.201350510281501869e+02 1.207383485511438921e+05
1.204003659246585158e+02 1.205448470403216634e+05
1.206656808211668448e+02 1.203513455294994346e+05
1.209309957176751738e+02 1.201578440186772204e+05
1.211963106141835027e+02 1.199643425078549917e+05
1.214616255106918317e+02 1.197708409970327630e+05
1.217269404072001748e+02 1.195773394862105342e+05
1.219922553037085038e+02 1.193838379753883055e+05
1.222575702002168327e+02 1.191903364645660768e+05
1.225228850967251617e+02 1.189968349537438480e+05
1.227881999932334907e+02 1.188033334429216338e+05
1.230535148897418196e+02 1.186098319320994051e+05
1.233188297862501486e+02 1.184163304212771764e+05
1.235841446827584775e+02 1.182228289104549622e+05
1.238494595792668065e+02 1.180293273996327334e+05
1.241147744757751354e+02 1.178358258888105047e+05
1.243800893722834644e+02 1.176423243779882905e+05
1.246454042687917934e+02 1.174488228671660618e+05
1.249107191653001223e+02 1.172553213563438330e+05
1.251760340618084655e+02 1.170618198455216043e+05
1.254413489583167944e+02 1.168683183346993756e+05
1.257066638548251234e+02 1.166748168238771614e+05
1.259719787513334524e+02 1.164813153130549326e+05
1.262372936478417813e+02 1.162878138022327039e+05
1.265026085443501103e+02 1.160943122914104752e+05
1.267679234408584392e+02 1.159008107805882610e+05
1.270332383373667682e+02 1.157073092697660322e+05
1.272985532338750971e+02 1.155138077589438035e+05
1.275638681303834261e+02 1.153203062481215748e+05
1.278291830268917550e+02 1.151268047372993606e+05
1.280944979234000982e+02 1.149333032264771173e+05
1.283598128199084272e+02 1.147398017156549031e+05
1.286251277164167561e+02 1.145463002048326744e+05
1.288904426129250851e+02 1.143527986940104456e+05
1.291557575094334140e+02 1.141592971831882314e+05
1.294210724059417430e+02 1.139657956723660027e+05
1.296863873024500720e+02 1.137722941615437740e+05
1.299517021989584009e+02 1.135787926507215598e+05
1.302170170954667299e+02 1.133852911398993310e+05
1.304823319919750588e+02 1.131917896290771023e+05
1.307476468884833878e+02 1.129982881182548881e+05
1.310129617849917167e+02 1.128047866074326594e+05
1.312782766815000457e+02 1.126112850966104306e+05
1.315435915780083747e+02 1.124177835857882019e+05
1.318089064745167036e+02 1.122242820749659732e+05
1.320742213710250326e+02 1.120307805641437590e+05
1.323395362675333615e+02 1.118372790533215302e+05
1.326048511640416905e+02 1.116437775424993015e+05
1.328701660605500194e+02 1.114502760316770873e+05
1.331354809570583484e+02 1.112567745208548586e+05
1.334007958535666774e+02 1.110632730100326298e+05
1.336661107500750347e+02 1.108697714992103865e+05
1.339314256465833637e+02 1.106762699883881724e+05
1.341967405430916926e+02 1.104827684775659436e+05
1.344620554396000216e+02 1.102892669667437149e+05
1.347273703361083506e+02 1.100957654559215007e+05
1.349926852326166795e+02 1.099022639450992720e+05
1.352580001291250085e+02 1.097087624342770432e+05
1.355233150256333374e+02 1.095152609234548290e+05
1.357886299221416664e+02 1.093217594126325857e+05
1.360539448186499953e+02 1.091282579018103715e+05
1.363192597151583243e+02 1.089347563909881428e+05
1.365845746116666533e+02 1.087412548801659141e+05
1.368498895081749822e+02 1.085477533693436999e+05
1.371152044046833112e+02 1.083542518585214711e+05
1.373805193011916401e+02 1.081607503476992424e+05
1.376458341976999691e+02 1.079672488368770282e+05
1.379111490942082980e+02 1.077716964365412568e+05
1.381764639907166270e+02 1.075716367813539837e+05
1.384417788872249560e+02 1.073715771261667251e+05
1.387070937837332849e+02 1.071715174709794665e+05
1.389724086802416139e+02 1.069714578157921933e+05
1.392377235767499428e+02 1.067713981606049347e+05
1.395030384732582718e+02 1.065713385054176615e+05
1.397683533697666007e+02 1.063712788502304029e+05
1.400336682662749297e+02 1.061712191950431443e+05
1.402989831627832871e+02 1.059711595398558566e+05
1.405642980592916160e+02 1.057710998846685980e+05
1.408296129557999450e+02 1.055710402294813248e+05
1.410949278523082739e+02 1.053709805742940662e+05
1.413602427488166029e+02 1.051709209191068076e+05
1.416255576453249319e+02 1.049708612639195344e+05
1.418908725418332608e+02 1.047708016087322758e+05
1.421561874383415898e+02 1.045707419535450172e+05
1.424215023348499187e+02 1.043706822983577440e+05
1.426868172313582477e+02 1.041706226431704854e+05
1.429521321278665766e+02 1.039705629879832268e+05
1.432174470243749056e+02 1.037705033327959536e+05
1.434827619208832346e+02 1.035704436776086950e+05
1.437480768173915635e+02 1.033703840224214364e+05
1.440133917138998925e+02 1.031703243672341632e+05
1.442787066104082214e+02 1.029702647120469046e+05
1.445440215069165504e+02 1.027702050568596460e+05
1.448093364034248793e+02 1.025701454016723728e+05
1.450746512999332083e+02 1.023700857464851142e+05
1.453399661964415372e+02 1.021700260912978556e+05
1.456052810929498662e+02 1.019699664361105824e+05
1.458705959894581952e+02 1.017699067809233238e+05
1.461359108859665241e+02 1.015698471257360507e+05
1.464012257824748531e+02 1.013697874705487920e+05
1.466665406789831820e+02 1.011697278153615334e+05
1.469318555754915110e+02 1.009696681601742603e+05
1.471971704719998684e+02 1.007696085049869871e+05
1.474624853685081973e+02 1.005695488497997139e+05
1.477278002650165263e+02 1.003694891946124553e+05
1.479931151615248552e+02 1.001694295394251967e+05
1.482584300580331842e+02 9.996936988423792354e+04
1.485237449545415132e+02 9.976931022905066493e+04
1.487890598510498421e+02 9.956925057386339176e+04
1.490543747475581711e+02 9.936919091867613315e+04
1.493196896440665000e+02 9.916913126348887454e+04
1.495850045405748290e+02 9.896907160830160137e+04
1.498503194370831579e+02 9.876901195311434276e+04
1.501156343335914869e+02 9.856895229792708415e+04
1.503809492300998158e+02 9.836889264273981098e+04
1.506462641266081448e+02 9.816883298755255237e+04
1.509115790231164738e+02 9.796877333236529375e+04
1.511768939196248027e+02 9.776871367717802059e+04
1.514422088161331317e+02 9.756865402199076198e+04
1.517075237126414606e+02 9.736859436680350336e+04
1.519728386091497896e+02 9.716853471161623020e+04
1.522381535056581185e+02 9.696847505642897158e+04
1.525034684021664475e+02 9.676841540124171297e+04
1.527687832986747765e+02 9.656835574605443981e+04
1.530340981951831054e+02 9.636829609086718119e+04
1.532994130916914344e+02 9.616823643567992258e+04
1.535647279881997633e+02 9.596817678049264941e+04
1.538300428847080923e+02 9.576811712530539080e+04
1.540953577812164497e+02 9.556805747011810308e+04
1.543606726777247786e+02 9.536799781493084447e+04
1.546259875742331076e+02 9.516793815974358586e+04
1.548913024707414365e+02 9.496787850455631269e+04
1.551566173672497655e+02 9.476781884936905408e+04
1.554219322637580945e+02 9.456775919418179546e+04
1.556872471602664234e+02 9.436769953899452230e+04
1.559525620567747524e+02 9.416763988380726369e+04
1.562178769532830813e+02 9.396758022862000507e+04
1.564831918497914103e+02 9.376752057343273191e+04
1.567485067462997392e+02 9.356746091824547329e+04
1.570138216428080682e+02 9.336740126305821468e+04
1.572791365393163971e+02 9.316734160787094152e+04
1.575444514358247261e+02 9.296728195268368290e+04
1.578097663323330551e+02 9.276722229749640974e+04
1.580750812288413840e+02 9.256716264230915112e+04
1.583403961253497130e+02 9.236710298712189251e+04
1.586057110218580419e+02 9.216704333193461935e+04
1.588710259183663709e+02 9.196698367674736073e+04
1.591363408148746998e+02 9.176692402156010212e+04
1.594016557113830288e+02 9.156686436637282895e+04
1.596669706078913578e+02 9.136680471118557034e+04
1.599322855043996867e+02 9.116674505599831173e+04
1.601976004009080157e+02 9.096668540081103856e+04
1.604629152974163446e+02 9.076662574562377995e+04
1.607282301939247020e+02 9.056656609043649223e+04
1.609935450904330310e+02 9.036650643524923362e+04
1.612588599869413599e+02 9.016644678006196045e+04
1.615241748834496889e+02 8.996638712487470184e+04
1.617894897799580178e+02 8.976632746968744323e+04
1.620548046764663468e+02 8.956626781450017006e+04
1.623201195729746757e+02 8.936620815931291145e+04
1.625854344694830047e+02 8.916614850412565283e+04
1.628507493659913337e+02 8.896608884893837967e+04
1.631160642624996626e+02 8.876602919375112106e+04
1.633813791590079916e+02 8.856596953856386244e+04
1.636466940555163205e+02 8.836590988337658928e+04
1.639120089520246495e+02 8.816585022818933066e+04
1.641773238485329784e+02 8.796579057300207205e+04
1.644426387450413074e+02 8.776573091781479889e+04
1.647079536415496364e+02 8.756567126262754027e+04
1.649732685380579653e+02 8.736561160744028166e+04
1.652385834345662943e+02 8.716555195225300849e+04
1.655038983310746232e+02 8.696549229706574988e+04
1.657692132275829522e+02 8.676543264187849127e+04
1.660345281240912811e+02 8.656537298669121810e+04
1.662998430205996101e+02 8.636531333150395949e+04
1.665651579171079391e+02 8.616525367631670088e+04
1.668304728136162680e+02 8.596519402112942771e+04
1.670957877101245970e+02 8.576513436594216910e+04
1.673611026066329259e+02 8.556507471075491048e+04
1.676264175031412833e+02 8.536501505556762277e+04
1.678917323996496123e+02 8.516495540038036415e+04
1.681570472961579412e+02 8.496489574519309099e+04
1.684223621926662702e+02 8.476483609000583238e+04
1.686876770891745991e+02 8.456477643481857376e+04
1.689529919856829281e+02 8.436471677963130060e+04
1.692183068821912570e+02 8.416465712444404198e+04
1.694836217786995860e+02 8.396459746925678337e+04
1.697489366752079150e+02 8.376453781406951020e+04
1.700142515717162439e+02 8.356447815888225159e+04
1.702795664682245729e+02 8.336441850369497843e+04
1.705448813647329018e+02 8.316435884850771981e+04
1.708101962612412308e+02 8.296429919332046120e+04
1.710755111577495597e+02 8.276423953813318803e+04
1.713408260542578887e+02 8.256417988294592942e+04
1.716061409507662177e+02 8.236412022775867081e+04
1.718714558472745466e+02 8.216406057257139764e+04
1.721367707437828756e+02 8.196400091738413903e+04
1.724020856402912045e+02 8.176394126219686586e+04
1.726674005367995335e+02 8.156388160700960725e+04
1.729327154333078624e+02 8.136382195182234864e+04
1.731980303298161914e+02 8.116376229663507547e+04
1.734633452263245204e+02 8.096370264144781686e+04
1.737286601228328493e+02 8.076364298626055825e+04
1.739939750193411783e+02 8.056358333107328508e+04
1.742592899158495356e+02 8.036352367588601192e+04
1.745246048123578646e+02 8.016346402069873875e+04
1.747899197088661936e+02 7.996340436551148014e+04
1.750552346053745225e+02 7.976334471032422152e+04
1.753205495018828515e+02 7.956328505513694836e+04
1.755858643983911804e+02 7.936322539994968974e+04
1.758511792948995094e+02 7.916316574476243113e+04
1.761164941914078383e+02 7.896310608957515797e+04
1.763818090879161673e+02 7.876304643438789935e+04
1.766471239844244963e+02 7.856298677920064074e+04
1.769124388809328252e+02 7.836292712401336757e+04
1.771777537774411542e+02 7.816286746882610896e+04
1.774430686739494831e+02 7.796280781363885035e+04
1.777083835704578121e+02 7.776274815845157718e+04
1.779736984669661410e+02 7.756268850326431857e+04
1.782390133634744700e+02 7.736262884807705996e+04
1.785043282599827990e+02 7.716256919288978679e+04
1.787696431564911279e+02 7.696250953770252818e+04
1.790349580529994569e+02 7.676244988251526956e+04
1.793002729495077858e+02 7.656239022732799640e+04
1.795655878460161148e+02 7.636233057214073779e+04
1.798309027425244437e+02 7.616227091695347917e+04
1.800962176390327727e+02 7.596221126176620601e+04
1.803615325355411017e+02 7.576215160657894739e+04
1.806268474320494306e+02 7.556209195139168878e+04
1.808921623285577596e+02 7.536203229620441562e+04
1.811574772250661169e+02 7.516197264101712790e+04
1.814227921215744459e+02 7.496191298582986929e+04
1.816881070180827749e+02 7.476185333064259612e+04
1.819534219145911038e+02 7.456179367545535206e+04
1.822187368110994328e+02 7.436173402026807889e+04
1.824840517076077617e+02 7.416167436508080573e+04
1.827493666041160907e+02 7.396161470989356167e+04
1.830146815006244196e+02 7.376155505470628850e+04
1.832799963971327486e+02 7.356149539951901534e+04
1.835453112936410776e+02 7.336143574433177128e+04
1.838106261901494065e+02 7.316137608914449811e+04
1.840759410866577355e+02 7.296131643395722494e+04
1.843412559831660644e+02 7.276125677876998088e+04
1.846065708796743934e+02 7.256119712358270772e+04
1.848718857761827223e+02 7.236113746839543455e+04
1.851372006726910513e+02 7.216107781320817594e+04
1.854025155691993803e+02 7.196101815802091733e+04
1.856678304657077092e+02 7.176095850283364416e+04
1.859331453622160382e+02 7.156089884764638555e+04
1.861984602587243671e+02 7.136083919245912693e+04
1.864637751552326961e+02 7.116077953727185377e+04
1.867290900517410250e+02 7.096071988208459516e+04
1.869944049482493540e+02 7.076066022689733654e+04
1.872597198447576829e+02 7.056060057171006338e+04
1.875250347412660119e+02 7.036054091652280476e+04
1.877903496377743693e+02 7.016048126133551705e+04
1.880556645342826982e+02 6.996042160614825843e+04
1.883209794307910272e+02 6.976036195096099982e+04
1.885862943272993562e+02 6.956030229577372666e+04
1.888516092238076851e+02 6.936024264058646804e+04
1.891169241203160141e+02 6.916018298539920943e+04
1.893822390168243430e+02 6.896012333021193626e+04
1.896475539133326720e+02 6.876006367502467765e+04
1.899128688098410009e+02 6.856000401983741904e+04
1.901781837063493299e+02 6.835994436465014587e+04
1.904434986028576589e+02 6.815988470946288726e+04
1.907088134993659878e+02 6.795982505427562864e+04
1.909741283958743168e+02 6.775976539908835548e+04
1.912394432923826457e+02 6.755970574390109687e+04
1.915047581888909747e+02 6.735964608871383825e+04
1.917700730853993036e+02 6.715958643352656509e+04
1.920353879819076326e+02 6.695952677833930647e+04
1.923007028784159615e+02 6.675946712315204786e+04
1.925660177749242905e+02 6.655940746796477470e+04
1.928313326714326195e+02 6.635934781277751608e+04
1.930966475679409484e+02 6.615928815759025747e+04
1.933619624644492774e+02 6.595922850240298430e+04
1.936272773609576063e+02 6.575916884721572569e+04
1.938925922574659353e+02 6.555910919202846708e+04
1.941579071539742642e+02 6.535904953684119391e+04
1.944232220504825932e+02 6.515898988165393530e+04
1.946885369469909506e+02 6.495893022646664758e+04
1.949538518434992795e+02 6.475887057127938169e+04
1.952191667400076085e+02 6.455881091609212308e+04
1.954844816365159375e+02 6.435875126090485719e+04
1.957497965330242664e+02 6.415869160571759130e+04
1.960151114295325954e+02 6.395863195053032541e+04
1.962804263260409243e+02 6.375857229534306680e+04
1.965457412225492533e+02 6.355851264015580091e+04
1.968110561190575822e+02 6.335845298496853502e+04
1.970763710155659112e+02 6.318271593986788503e+04
1.973416859120742402e+02 6.304623237088361930e+04
1.976070008085825691e+02 6.290974880189936084e+04
1.978723157050908981e+02 6.277326523291509511e+04
1.981376306015992270e+02 6.263678166393082938e+04
1.984029454981075560e+02 6.250029809494656365e+04
1.986682603946158849e+02 6.236381452596229792e+04
1.989335752911242139e+02 6.222733095697803219e+04
1.991988901876325428e+02 6.209084738799376646e+04
1.994642050841408718e+02 6.195436381900950073e+04
1.997295199806492008e+02 6.181788025002523500e+04
1.999948348771575297e+02 6.168139668104096927e+04
2.002601497736658587e+02 6.154491311205670354e+04
2.005254646701741876e+02 6.140842954307243781e+04
2.007907795666825166e+02 6.127194597408817208e+04
2.010560944631908455e+02 6.113546240510390635e+04
2.013214093596991745e+02 6.099897883611964062e+04
2.015867242562075319e+02 6.086249526713536034e+04
2.018520391527158608e+02 6.072601169815109461e+04
2.021173540492241898e+02 6.058952812916682888e+04
2.023826689457325188e+02 6.045304456018256315e+04
2.026479838422408477e+02 6.031656099119829742e+04
2.029132987387491767e+02 6.018007742221403169e+04
2.031786136352575056e+02 6.004359385322976595e+04
2.034439285317658346e+02 5.990711028424550022e+04
2.037092434282741635e+02 5.977062671526123449e+04
2.039745583247824925e+02 5.963414314627696876e+04
2.042398732212908214e+02 5.949765957729270303e+04
2.045051881177991504e+02 5.936117600830843730e+04
2.047705030143074794e+02 5.922469243932417157e+04
2.050358179108158083e+02 5.908820887033990584e+04
2.053011328073241373e+02 5.895172530135564011e+04
2.055664477038324662e+02 5.881524173237137438e+04
2.058317626003407952e+02 5.867875816338710865e+04
2.060970774968491241e+02 5.854227459440284292e+04
2.063623923933574531e+02 5.840579102541858447e+04
2.066277072898657821e+02 5.826930745643431146e+04
2.068930221863741110e+02 5.813282388745005301e+04
2.071583370828824400e+02 5.799634031846578000e+04
2.074236519793907689e+02 5.785985674948152155e+04
2.076889668758990979e+02 5.772337318049725582e+04
2.079542817724074268e+02 5.758688961151299009e+04
2.082195966689157842e+02 5.745040604252870980e+04
2.084849115654241132e+02 5.731392247354444407e+04
2.087502264619324421e+02 5.717743890456017834e+04
2.090155413584407711e+02 5.704095533557591261e+04
2.092808562549491000e+02 5.690447176659164688e+04
2.095461711514574290e+02 5.676798819760738115e+04
2.098114860479657580e+02 5.663150462862311542e+04
2.100768009444740869e+02 5.649502105963884969e+04
2.103421158409824159e+02 5.635853749065458396e+04
2.106074307374907448e+02 5.622205392167031823e+04
2.108727456339990738e+02 5.608557035268605250e+04
2.111380605305074027e+02 5.594908678370178677e+04
2.114033754270157317e+02 5.581260321471752104e+04
2.116686903235240607e+02 5.567611964573325531e+04
2.119340052200323896e+02 5.553963607674898958e+04
2.121993201165407186e+02 5.540315250776472385e+04
2.124646350130490475e+02 5.526666893878045812e+04
2.127299499095573765e+02 5.513018536979619239e+04
2.129952648060657054e+02 5.499370180081192666e+04
2.132605797025740344e+02 5.485721823182766093e+04
2.135258945990823634e+02 5.472073466284339520e+04
2.137912094955906923e+02 5.458425109385912947e+04
2.140565243920990213e+02 5.444776752487486374e+04
2.143218392886073502e+02 5.431128395589059801e+04
2.145871541851156792e+02 5.417480038690633228e+04
2.148524690816240081e+02 5.403831681792206655e+04
2.151177839781323655e+02 5.390183324893779354e+04
2.153830988746406945e+02 5.376534967995352054e+04
2.156484137711490234e+02 5.362886611096926208e+04
2.159137286676573524e+02 5.349238254198498907e+04
2.161790435641656813e+02 5.335589897300073062e+04
2.164443584606740103e+02 5.321941540401645761e+04
2.167096733571823393e+02 5.308293183503219916e+04
2.169749882536906682e+02 5.294644826604792615e+04
2.172403031501989972e+02 5.280996469706366770e+04
2.175056180467073261e+02 5.267348112807940197e+04
2.177709329432156551e+02 5.253699755909513624e+04
2.180362478397239840e+02 5.240051399011087051e+04
2.183015627362323130e+02 5.226403042112660478e+04
2.185668776327406420e+02 5.212754685214233905e+04
2.188321925292489709e+02 5.199106328315807332e+04
2.190975074257572999e+02 5.185457971417380759e+04
2.193628223222656288e+02 5.171809614518954186e+04
2.196281372187739578e+02 5.158161257620527613e+04
2.198934521152822867e+02 5.144512900722101040e+04
2.201587670117906157e+02 5.130864543823674467e+04
2.204240819082989447e+02 5.117216186925247894e+04
2.206893968048072736e+02 5.103567830026821321e+04
2.209547117013156026e+02 5.089919473128394748e+04
2.212200265978239315e+02 5.076271116229968175e+04
2.214853414943322605e+02 5.062622759331541602e+04
2.217506563908405894e+02 5.048974402433115029e+04
2.220159712873489468e+02 5.035326045534687000e+04
2.222812861838572758e+02 5.021677688636260427e+04
2.225466010803656047e+02 5.008029331737833854e+04
2.228119159768739337e+02 4.994380974839407281e+04
2.230772308733822626e+02 4.980732617940980708e+04
2.233425457698905916e+02 4.967084261042554135e+04
2.236078606663989206e+02 4.953435904144127562e+04
2.238731755629072495e+02 4.939787547245700989e+04
2.241384904594155785e+02 4.926139190347274416e+04
2.244038053559239074e+02 4.912490833448848571e+04
2.246691202524322364e+02 4.898842476550421270e+04
2.249344351489405653e+02 4.885194119651995425e+04
2.251997500454488943e+02 4.871545762753568124e+04
2.254650649419572233e+02 4.857897405855142279e+04
2.257303798384655522e+02 4.844249048956714978e+04
2.259956947349738812e+02 4.830600692058289133e+04
2.262610096314822101e+02 4.816952335159861832e+04
2.265263245279905391e+02 4.803303978261435986e+04
2.267916394244988680e+02 4.789655621363009413e+04
2.270569543210071970e+02 4.776007264464582840e+04
2.273222692175155260e+02 4.762358907566156267e+04
2.275875841140238549e+02 4.748710550667729694e+04
2.278528990105321839e+02 4.735062193769303121e+04
2.281182139070405128e+02 4.721413836870876548e+04
2.283835288035488418e+02 4.707765479972449975e+04
2.286488437000571992e+02 4.694117123074021947e+04
2.289141585965655281e+02 4.680468766175595374e+04
2.291794734930738571e+02 4.666820409277168801e+04
2.294447883895821860e+02 4.653172052378742228e+04
2.297101032860905150e+02 4.639523695480315655e+04
2.299754181825988439e+02 4.625875338581889082e+04
2.302407330791071729e+02 4.612226981683462509e+04
2.305060479756155019e+02 4.598578624785035936e+04
2.307713628721238308e+02 4.584930267886609363e+04
2.310366777686321598e+02 4.571281910988182790e+04
2.313019926651404887e+02 4.557633554089756217e+04
2.315673075616488177e+02 4.543985197191329644e+04
2.318326224581571466e+02 4.530336840292903071e+04
2.320979373546654756e+02 4.516688483394476498e+04
2.323632522511738046e+02 4.503040126496049925e+04
2.326285671476821335e+02 4.489391769597624079e+04
2.328938820441904625e+02 4.475743412699196779e+04
2.331591969406987914e+02 4.462095055800770933e+04
2.334245118372071204e+02 4.448446698902343633e+04
2.336898267337154493e+02 4.434798342003917787e+04
2.339551416302237783e+02 4.421149985105490487e+04
2.342204565267321072e+02 4.407501628207064641e+04
2.344857714232404362e+02 4.393853271308637341e+04
2.347510863197487652e+02 4.380204914410211495e+04
2.350164012162570941e+02 4.366556557511784195e+04
2.352817161127654231e+02 4.352908200613358349e+04
2.355470310092737805e+02 4.339259843714929593e+04
2.358123459057821094e+02 4.325611486816503748e+04
2.360776608022904384e+02 4.311963129918076447e+04
2.363429756987987673e+02 4.298314773019650602e+04
2.366082905953070963e+02 4.284666416121223301e+04
2.368736054918154252e+02 4.271018059222797456e+04
2.371389203883237542e+02 4.257369702324370883e+04
2.374042352848320832e+02 4.243721345425944310e+04
2.376695501813404121e+02 4.230072988527517737e+04
2.379348650778487411e+02 4.216424631629091164e+04
2.382001799743570700e+02 4.202776274730664591e+04
2.384654948708653990e+02 4.189127917832238018e+04
2.387308097673737279e+02 4.175479560933811445e+04
2.389961246638820569e+02 4.161831204035384872e+04
2.392614395603903859e+02 4.148182847136958299e+04
2.395267544568987148e+02 4.134534490238531725e+04
2.397920693534070438e+02 4.120886133340105152e+04
2.400573842499153727e+02 4.107237776441678579e+04
2.403226991464237017e+02 4.093589419543252006e+04
2.405880140429320306e+02 4.079941062644825433e+04
2.408533289394403596e+02 4.066292705746398860e+04
2.411186438359486885e+02 4.052644348847972287e+04
2.413839587324570175e+02 4.038995991949545714e+04
2.416492736289653465e+02 4.025347635051119141e+04
2.419145885254736754e+02 4.011699278152693296e+04
2.421799034219820328e+02 3.998050921254264540e+04
2.424452183184903618e+02 3.984402564355838695e+04
2.427105332149986907e+02 3.970754207457411394e+04
2.429758481115070197e+02 3.957105850558985549e+04
2.432411630080153486e+02 3.943457493660558248e+04
2.435064779045236776e+02 3.929809136762132403e+04
2.437717928010320065e+02 3.916160779863705102e+04
2.440371076975403355e+02 3.902512422965279256e+04
2.443024225940486645e+02 3.888864066066851956e+04
2.445677374905569934e+02 3.875215709168426110e+04
2.448330523870653224e+02 3.861567352269998810e+04
2.450983672835736513e+02 3.847918995371572964e+04
2.453636821800819803e+02 3.834270638473145664e+04
2.456289970765903092e+02 3.820622281574719818e+04
2.458943119730986382e+02 3.806973924676292518e+04
2.461596268696069671e+02 3.793325567777866672e+04
2.464249417661152961e+02 3.779677210879440099e+04
2.466902566626236251e+02 3.766028853981013526e+04
2.469555715591319540e+02 3.752380497082586953e+04
2.472208864556402830e+02 3.738732140184160380e+04
2.474862013521486119e+02 3.725083783285733807e+04
2.477515162486569409e+02 3.711435426387307234e+04
2.480168311451652698e+02 3.697787069488880661e+04
2.482821460416735988e+02 3.684138712590454088e+04
2.485474609381819278e+02 3.670490355692027515e+04
2.488127758346902567e+02 3.656841998793600942e+04
2.490780907311986141e+02 3.643193641895172914e+04
2.493434056277069431e+02 3.629545284996746341e+04
2.496087205242152720e+02 3.615896928098319768e+04
2.498740354207236010e+02 3.602248571199893195e+04
2.501393503172319299e+02 3.588600214301466622e+04
2.504046652137402589e+02 3.574951857403040049e+04
2.506699801102485878e+02 3.561303500504613476e+04
2.509352950067569168e+02 3.547655143606186903e+04
2.512006099032652457e+02 3.534006786707761057e+04
2.514659247997735747e+02 3.520358429809333757e+04
2.517312396962819037e+02 3.506710072910907911e+04
2.519965545927902326e+02 3.493061716012480611e+04
2.522618694892985616e+02 3.479413359114054765e+04
2.525271843858068905e+02 3.465765002215627464e+04
2.527924992823152195e+02 3.452116645317201619e+04
2.530578141788235484e+02 3.438468288418774318e+04
2.533231290753318774e+02 3.424819931520348473e+04
2.535884439718402064e+02 3.411171574621921172e+04
2.538537588683485353e+02 3.397523217723495327e+04
2.541190737648568643e+02 3.383874860825068026e+04
2.543843886613651932e+02 3.370226503926642181e+04
2.546497035578735222e+02 3.356578147028214880e+04
2.549150184543818511e+02 3.342929790129789035e+04
2.551803333508901801e+02 3.329281433231361734e+04
2.554456482473985091e+02 3.315633076332935889e+04
2.557109631439068664e+02 3.301984719434507861e+04
2.559762780404151954e+02 3.288336362536081288e+04
2.562415929369235528e+02 3.274688005637653259e+04
2.565069078334318533e+02 3.261039648739228141e+04
2.567722227299402107e+02 3.247391291840800113e+04
2.570375376264485112e+02 3.233742934942374995e+04
2.573028525229568686e+02 3.220094578043946967e+04
2.575681674194651691e+02 3.206446221145521849e+04
2.578334823159735265e+02 3.192797864247093821e+04
2.580987972124818270e+02 3.179149507348668703e+04
2.583641121089901844e+02 3.165501150450240675e+04
2.586294270054984850e+02 3.151852793551815557e+04
2.588947419020068423e+02 3.138204436653387529e+04
2.591600567985151997e+02 3.124556079754959501e+04
2.594253716950235003e+02 3.110907722856534383e+04
2.596906865915318576e+02 3.097259365958106355e+04
2.599560014880401582e+02 3.083611009059681237e+04
2.602213163845485155e+02 3.069962652161253209e+04
2.604866312810568161e+02 3.056314295262828455e+04
2.607519461775651735e+02 3.042665938364400063e+04
2.610172610740734740e+02 3.029017581465974945e+04
2.612825759705818314e+02 3.015369224567546917e+04
2.615478908670901319e+02 3.001720867669121799e+04
2.618132057635984893e+02 2.988072510770693771e+04
2.620785206601067898e+02 2.974424153872268653e+04
2.623438355566151472e+02 2.960775796973840625e+04
2.626091504531234477e+02 2.947127440075415507e+04
2.628744653496318051e+02 2.933479083176988206e+04
2.631397802461401056e+02 2.919830726278563088e+04
2.634050951426484630e+02 2.906182369380135060e+04
2.636704100391567636e+02 2.892534012481709942e+04
2.639357249356651209e+02 2.878885655583281914e+04
2.642010398321734215e+02 2.865237298684856796e+04
2.644663547286817789e+02 2.851588941786428768e+04
2.647316696251900794e+02 2.837940584888003650e+04
2.649969845216984368e+02 2.824292227989575622e+04
2.652622994182067373e+02 2.810643871091150504e+04
2.655276143147150947e+02 2.796995514192722476e+04
2.657929292112233952e+02 2.783347157294297358e+04
2.660582441077317526e+02 2.769698800395869694e+04
